initial weight: [0.5 0.5]

initial mean: [[ 104.53244591 1247.89195114]
 [ 115.91815664 1145.61258665]]

initial sigma: [[[  11894.23025753       0.        ]
  [      0.         1277752.45279491]]

 [[  11894.23025753       0.        ]
  [      0.         1277752.45279491]]]



end : 0.0001

===========================================iteration: 0

weight: [0.49895291 0.50104709]

mean: [[ 108.9995643  1129.93939642]
 [ 109.01541231 1129.78984452]]

sigma: [[[  11.60669904    0.        ]
  [   0.         1159.85707676]]

 [[  11.5814944     0.        ]
  [   0.         1157.62853038]]]

log MG: -165676.5709616691

differ: -119490.92568350962

===========================================iteration: 1

weight: [0.49895291 0.50104709]

mean: [[ 108.99448002 1129.9914846 ]
 [ 109.02047534 1129.73797405]]

sigma: [[[  11.62169735    0.        ]
  [   0.         1161.32824012]]

 [[  11.56634692    0.        ]
  [   0.         1156.14260884]]]

log MG: -165676.79591675283

differ: 0.22495508374413475

===========================================iteration: 2

weight: [0.4989529 0.5010471]

mean: [[ 108.98521556 1130.08453861]
 [ 109.02970108 1129.64530898]]

sigma: [[[  11.64451211    0.        ]
  [   0.         1163.61121099]]

 [[  11.54297728    0.        ]
  [   0.         1153.80498721]]]

log MG: -165677.4864295775

differ: 0.6905128246580716

===========================================iteration: 3

weight: [0.49895279 0.50104721]

mean: [[ 108.96886395 1130.24826715]
 [ 109.04598432 1129.48226493]]

sigma: [[[  11.682344      0.        ]
  [   0.         1167.40573406]]

 [[  11.50332342    0.        ]
  [   0.         1149.82982179]]]

log MG: -165679.5928157751

differ: 2.1063861976144835

===========================================iteration: 4

weight: [0.49895201 0.50104799]

mean: [[ 108.9402435  1130.53465442]
 [ 109.07448493 1129.19707689]]

sigma: [[[  11.74625194    0.        ]
  [   0.         1173.81418581]]

 [[  11.43365915    0.        ]
  [   0.         1142.8482885 ]]]

log MG: -165686.01334196317

differ: 6.420526188070653

===========================================iteration: 5

weight: [0.49894727 0.50105273]

mean: [[ 108.8903261  1131.03402554]
 [ 109.12419131 1128.69981678]]

sigma: [[[  11.85306428    0.        ]
  [   0.         1184.51904718]]

 [[  11.30900111    0.        ]
  [   0.         1130.36284596]]]

log MG: -165705.56933525275

differ: 19.555993289570324

===========================================iteration: 6

weight: [0.49892092 0.50107908]

mean: [[ 108.80367811 1131.90066573]
 [ 109.2104538  1127.837032  ]]

sigma: [[[  12.02509806    0.        ]
  [   0.         1201.74276167]]

 [[  11.08246968    0.        ]
  [   0.         1107.69580863]]]

log MG: -165765.01366104063

differ: 59.444325787888374

===========================================iteration: 7

weight: [0.49878402 0.50121598]

mean: [[ 108.65507558 1133.38639576]
 [ 109.35822419 1126.35962084]]

sigma: [[[  12.278527      0.        ]
  [   0.         1227.04172179]]

 [[  10.66645221    0.        ]
  [   0.         1066.15403708]]]

log MG: -165944.68867284234

differ: 179.67501180170802

===========================================iteration: 8

weight: [0.49815462 0.50184538]

mean: [[ 108.40807939 1135.85394323]
 [ 109.60252201 1123.91903346]]

sigma: [[[  12.57279288    0.        ]
  [   0.         1256.13352409]]

 [[   9.911957      0.        ]
  [   0.          991.11664837]]]

log MG: -166480.115702917

differ: 535.4270300746721

===========================================iteration: 9

weight: [0.49591669 0.50408331]

mean: [[ 108.02537712 1139.67368744]
 [ 109.97372131 1120.21415876]]

sigma: [[[  12.685479      0.        ]
  [   0.         1266.48528461]]

 [[   8.63794592    0.        ]
  [   0.          864.96192381]]]

log MG: -168030.39840174816

differ: 1550.2826988311426

===========================================iteration: 10

weight: [0.49110556 0.50889444]

mean: [[ 107.50657702 1144.85328904]
 [ 110.45596643 1115.39958723]]

sigma: [[[  12.12803987    0.        ]
  [   0.         1210.00297194]]

 [[   6.80681251    0.        ]
  [   0.          683.23672134]]]

log MG: -172310.88013438217

differ: 4280.481732634013

===========================================iteration: 11

weight: [0.48827605 0.51172395]

mean: [[ 106.96300941 1150.29301622]
 [ 110.95831879 1110.37197589]]

sigma: [[[  10.59850091    0.        ]
  [   0.         1057.89839984]]

 [[   4.75003905    0.        ]
  [   0.          476.81234559]]]

log MG: -183112.3599666874

differ: 10801.479832305224

===========================================iteration: 12

weight: [0.49860307 0.50139693]

mean: [[ 106.63607087 1153.58068527]
 [ 111.36572495 1106.28039277]]

sigma: [[[  8.96889393   0.        ]
  [  0.         895.97293748]]

 [[  3.051179     0.        ]
  [  0.         304.52151293]]]

log MG: -205224.95769460962

differ: 22112.597727922228

===========================================iteration: 13

weight: [0.52381918 0.47618082]

mean: [[ 106.61887317 1153.77542878]
 [ 111.63510154 1103.56138408]]

sigma: [[[  8.33658424   0.        ]
  [  0.         831.73867294]]

 [[  1.99695079   0.        ]
  [  0.         197.68409187]]]

log MG: -238657.64259221542

differ: 33432.684897605795

===========================================iteration: 14

weight: [0.55108351 0.44891649]

mean: [[ 106.73274618 1152.60540263]
 [ 111.79996644 1101.94801008]]

sigma: [[[  8.34509036   0.        ]
  [  0.         835.30212244]]

 [[  1.43259424   0.        ]
  [  0.         141.62649381]]]

log MG: -277718.2023371313

differ: 39060.559744915896

===========================================iteration: 15

weight: [0.57089636 0.42910364]

mean: [[ 106.84116369 1151.48944141]
 [ 111.8896904  1101.09374374]]

sigma: [[[  8.49069991   0.        ]
  [  0.         852.25981101]]

 [[  1.17227216   0.        ]
  [  0.         116.58690287]]]

log MG: -309055.2746526348

differ: 31337.072315503494

===========================================iteration: 16

weight: [0.58279795 0.41720205]

mean: [[ 106.91493429 1150.76096008]
 [ 111.93065896 1100.67372714]]

sigma: [[[  8.63389565   0.        ]
  [  0.         865.54710091]]

 [[  1.06761259   0.        ]
  [  0.         106.23836847]]]

log MG: -326571.84258512035

differ: 17516.567932485545

===========================================iteration: 17

weight: [0.58931881 0.41068119]

mean: [[ 106.95785159 1150.34437055]
 [ 111.94871393 1100.47623214]]

sigma: [[[  8.73034843   0.        ]
  [  0.         874.05426301]]

 [[  1.02443407   0.        ]
  [  0.         101.73634637]]]

log MG: -335155.96636914485

differ: 8584.123784024501

===========================================iteration: 18

weight: [0.59271616 0.40728384]

mean: [[ 106.98077705 1150.12284555]
 [ 111.95698201 1100.3826403 ]]

sigma: [[[  8.78482921   0.        ]
  [  0.         878.84123402]]

 [[  1.00528282   0.        ]
  [  0.          99.65684775]]]

log MG: -339307.64145759604

differ: 4151.675088451186

===========================================iteration: 19

weight: [0.59444209 0.40555791]

mean: [[ 106.99254952 1150.00921681]
 [ 111.96090378 1100.3375119 ]]

sigma: [[[  8.81347436   0.        ]
  [  0.         881.36435463]]

 [[  0.99632141   0.        ]
  [  0.          98.66122892]]]

log MG: -341334.7558193626

differ: 2027.1143617665512

===========================================iteration: 20

weight: [0.5953086 0.4046914]

mean: [[ 106.99848866 1149.95190259]
 [ 111.96280522 1100.31546729]]

sigma: [[[  8.82808174   0.        ]
  [  0.         882.654066  ]]

 [[  0.99199986   0.        ]
  [  0.          98.17567338]]]

log MG: -342332.58758690435

differ: 997.8317675417638

===========================================iteration: 21

weight: [0.59574125 0.40425875]

mean: [[ 107.00146077 1149.92321874]
 [ 111.96373836 1100.30461454]]

sigma: [[[  8.83542847   0.        ]
  [  0.         883.30382541]]

 [[  0.98988365   0.        ]
  [  0.          97.9366904 ]]]

log MG: -342826.02139704453

differ: 493.43381014018087

===========================================iteration: 22

weight: [0.59595672 0.40404328]

mean: [[ 107.00294248 1149.90891678]
 [ 111.96419918 1100.29924868]]

sigma: [[[  8.83909976   0.        ]
  [  0.         883.62889365]]

 [[  0.98883956   0.        ]
  [  0.          97.8185278 ]]]

log MG: -343070.60004791955

differ: 244.57865087501705

===========================================iteration: 23

weight: [0.5960639 0.4039361]

mean: [[ 107.00367985 1149.90179861]
 [ 111.96442746 1100.29658961]]

sigma: [[[  8.84092877   0.        ]
  [  0.         883.79096272]]

 [[  0.98832255   0.        ]
  [  0.          97.75996866]]]

log MG: -343191.9706963496

differ: 121.37064843007829

===========================================iteration: 24

weight: [0.59611718 0.40388282]

mean: [[ 107.00404648 1149.89825903]
 [ 111.96454072 1100.29527033]]

sigma: [[[  8.84183863   0.        ]
  [  0.         883.87162612]]

 [[  0.9880661    0.        ]
  [  0.          97.73091366]]]

log MG: -343252.23471759685

differ: 60.2640212472179

===========================================iteration: 25

weight: [0.59614365 0.40385635]

mean: [[ 107.00422869 1149.89649972]
 [ 111.96459695 1100.29461537]]

sigma: [[[  8.84229094   0.        ]
  [  0.         883.91173798]]

 [[  0.98793878   0.        ]
  [  0.          97.7164888 ]]]

log MG: -343282.1660093238

differ: 29.93129172694171

===========================================iteration: 26

weight: [0.59615681 0.40384319]

mean: [[ 107.00431923 1149.89562548]
 [ 111.96462488 1100.2942901 ]]

sigma: [[[  8.84251572   0.        ]
  [  0.         883.93167564]]

 [[  0.98787555   0.        ]
  [  0.          97.70932505]]]

log MG: -343297.03404077794

differ: 14.868031454156153

===========================================iteration: 27

weight: [0.59616334 0.40383666]

mean: [[ 107.00436422 1149.89519109]
 [ 111.96463876 1100.29412854]]

sigma: [[[  8.8426274    0.        ]
  [  0.         883.94158338]]

 [[  0.98784414   0.        ]
  [  0.          97.70576675]]]

log MG: -343304.420077142

differ: 7.3860363640706055

===========================================iteration: 28

weight: [0.59616659 0.40383341]

mean: [[ 107.00438657 1149.89497527]
 [ 111.96464565 1100.29404828]]

sigma: [[[  8.84268289   0.        ]
  [  0.         883.94650629]]

 [[  0.98782853   0.        ]
  [  0.          97.70399915]]]

log MG: -343308.0893854776

differ: 3.6693083355785348

===========================================iteration: 29

weight: [0.59616821 0.40383179]

mean: [[ 107.00439768 1149.89486805]
 [ 111.96464907 1100.29400841]]

sigma: [[[  8.84271046   0.        ]
  [  0.         883.94895221]]

 [[  0.98782078   0.        ]
  [  0.          97.70312105]]]

log MG: -343309.9122914941

differ: 1.8229060164885595

===========================================iteration: 30

weight: [0.59616901 0.40383099]

mean: [[ 107.00440319 1149.89481478]
 [ 111.96465077 1100.29398861]]

sigma: [[[  8.84272416   0.        ]
  [  0.         883.95016741]]

 [[  0.98781693   0.        ]
  [  0.          97.70268482]]]

log MG: -343310.8179155865

differ: 0.9056240924401209

===========================================iteration: 31

weight: [0.5961694 0.4038306]

mean: [[ 107.00440593 1149.89478831]
 [ 111.96465162 1100.29397877]]

sigma: [[[  8.84273096   0.        ]
  [  0.         883.95077114]]

 [[  0.98781502   0.        ]
  [  0.          97.7024681 ]]]

log MG: -343311.2678336518

differ: 0.44991806527832523

===========================================iteration: 32

weight: [0.5961696 0.4038304]

mean: [[ 107.00440729 1149.89477516]
 [ 111.96465204 1100.29397388]]

sigma: [[[  8.84273434   0.        ]
  [  0.         883.95107108]]

 [[  0.98781407   0.        ]
  [  0.          97.70236044]]]

log MG: -343311.49135537853

differ: 0.22352172672981396

===========================================iteration: 33

weight: [0.5961697 0.4038303]

mean: [[ 107.00440797 1149.89476863]
 [ 111.96465225 1100.29397145]]

sigma: [[[  8.84273602   0.        ]
  [  0.         883.9512201 ]]

 [[  0.98781359   0.        ]
  [  0.          97.70230695]]]

log MG: -343311.60240229603

differ: 0.11104691750369966

===========================================iteration: 34

weight: [0.59616975 0.40383025]

mean: [[ 107.00440831 1149.89476539]
 [ 111.96465235 1100.29397024]]

sigma: [[[  8.84273686   0.        ]
  [  0.         883.95129413]]

 [[  0.98781336   0.        ]
  [  0.          97.70228037]]]

log MG: -343311.6575710807

differ: 0.0551687846891582

===========================================iteration: 35

weight: [0.59616977 0.40383023]

mean: [[ 107.00440847 1149.89476377]
 [ 111.9646524  1100.29396964]]

sigma: [[[  8.84273727   0.        ]
  [  0.         883.95133091]]

 [[  0.98781324   0.        ]
  [  0.          97.70226717]]]

log MG: -343311.68497928727

differ: 0.027408206544350833

===========================================iteration: 36

weight: [0.59616979 0.40383021]

mean: [[ 107.00440856 1149.89476297]
 [ 111.96465243 1100.29396935]]

sigma: [[[  8.84273748   0.        ]
  [  0.         883.95134918]]

 [[  0.98781319   0.        ]
  [  0.          97.70226061]]]

log MG: -343311.69859583693

differ: 0.013616549666039646

===========================================iteration: 37

weight: [0.59616979 0.40383021]

mean: [[ 107.0044086  1149.89476258]
 [ 111.96465244 1100.2939692 ]]

sigma: [[[  8.84273758   0.        ]
  [  0.         883.95135826]]

 [[  0.98781316   0.        ]
  [  0.          97.70225736]]]

log MG: -343311.7053606306

differ: 0.006764793652109802

===========================================iteration: 38

weight: [0.5961698 0.4038302]

mean: [[ 107.00440862 1149.89476238]
 [ 111.96465245 1100.29396912]]

sigma: [[[  8.84273763   0.        ]
  [  0.         883.95136277]]

 [[  0.98781314   0.        ]
  [  0.          97.70225574]]]

log MG: -343311.7087214296

differ: 0.0033607989898882806

===========================================iteration: 39

weight: [0.5961698 0.4038302]

mean: [[ 107.00440863 1149.89476228]
 [ 111.96465245 1100.29396909]]

sigma: [[[  8.84273765   0.        ]
  [  0.         883.95136501]]

 [[  0.98781313   0.        ]
  [  0.          97.70225493]]]

log MG: -343311.7103910877

differ: 0.0016696581151336432

===========================================iteration: 40

weight: [0.5961698 0.4038302]

mean: [[ 107.00440863 1149.89476223]
 [ 111.96465245 1100.29396907]]

sigma: [[[  8.84273767   0.        ]
  [  0.         883.95136612]]

 [[  0.98781313   0.        ]
  [  0.          97.70225453]]]

log MG: -343311.71122060146

differ: 0.0008295137668028474

===========================================iteration: 41

weight: [0.5961698 0.4038302]

mean: [[ 107.00440864 1149.89476221]
 [ 111.96465245 1100.29396906]]

sigma: [[[  8.84273767   0.        ]
  [  0.         883.95136667]]

 [[  0.98781313   0.        ]
  [  0.          97.70225433]]]

log MG: -343311.7116326996

differ: 0.00041209813207387924

===========================================iteration: 42

weight: [0.5961698 0.4038302]

mean: [[ 107.00440864 1149.89476219]
 [ 111.96465245 1100.29396906]]

sigma: [[[  8.84273768   0.        ]
  [  0.         883.95136695]]

 [[  0.98781313   0.        ]
  [  0.          97.70225424]]]

log MG: -343311.71183744783

differ: 0.00020474824123084545

===========================================iteration: 43

weight: [0.5961698 0.4038302]

mean: [[ 107.00440864 1149.89476219]
 [ 111.96465245 1100.29396905]]

sigma: [[[  8.84273768   0.        ]
  [  0.         883.95136708]]

 [[  0.98781313   0.        ]
  [  0.          97.70225419]]]

log MG: -343311.7119391523

differ: 0.00010170444147661328

===========================================iteration: 44

weight: [0.5961698 0.4038302]

mean: [[ 107.00440864 1149.89476219]
 [ 111.96465245 1100.29396905]]

sigma: [[[  8.84273768   0.        ]
  [  0.         883.95136715]]

 [[  0.98781313   0.        ]
  [  0.          97.70225416]]]

log MG: -343311.71198967996

differ: 5.0527683924883604e-05


Žû‘©‚µ‚Ü‚µ‚½